3 1 2 7 4 5 6 8 9
7 4 5 6 8 9 3 1 2
4 5 6 8 9 3 1 2 7
5 6 8 9 3 1 2 7 4
6 8 9 3 1 2 7 4 5
8 9 3 1 2 7 4 5 6
9 3 1 2 7 4 5 6 8
2 7 4 5 6 8 9 3 1
1 2 7 4 5 6 8 9 3

3 1 2 7 4 5 8 6 9
7 4 5 8 6 9 3 1 2
4 5 8 6 9 3 1 2 7
5 8 6 9 3 1 2 7 4
8 6 9 3 1 2 7 4 5
6 9 3 1 2 7 4 5 8
9 3 1 2 7 4 5 8 6
2 7 4 5 8 6 9 3 1
1 2 7 4 5 8 6 9 3

3 1 2 7 4 6 5 8 9
7 4 6 5 8 9 3 1 2
4 6 5 8 9 3 1 2 7
6 5 8 9 3 1 2 7 4
5 8 9 3 1 2 7 4 6
8 9 3 1 2 7 4 6 5
9 3 1 2 7 4 6 5 8
2 7 4 6 5 8 9 3 1
1 2 7 4 6 5 8 9 3

3 1 2 7 4 6 8 5 9
7 4 6 8 5 9 3 1 2
4 6 8 5 9 3 1 2 7
6 8 5 9 3 1 2 7 4
8 5 9 3 1 2 7 4 6
5 9 3 1 2 7 4 6 8
9 3 1 2 7 4 6 8 5
2 7 4 6 8 5 9 3 1
1 2 7 4 6 8 5 9 3

3 1 2 7 4 8 5 6 9
7 4 8 5 6 9 3 1 2
4 8 5 6 9 3 1 2 7
8 5 6 9 3 1 2 7 4
5 6 9 3 1 2 7 4 8
6 9 3 1 2 7 4 8 5
9 3 1 2 7 4 8 5 6
2 7 4 8 5 6 9 3 1
1 2 7 4 8 5 6 9 3

3 1 2 7 4 8 6 5 9
7 4 8 6 5 9 3 1 2
4 8 6 5 9 3 1 2 7
8 6 5 9 3 1 2 7 4
6 5 9 3 1 2 7 4 8
5 9 3 1 2 7 4 8 6
9 3 1 2 7 4 8 6 5
2 7 4 8 6 5 9 3 1
1 2 7 4 8 6 5 9 3

3 1 2 7 5 4 6 8 9
7 5 4 6 8 9 3 1 2
5 4 6 8 9 3 1 2 7
4 6 8 9 3 1 2 7 5
6 8 9 3 1 2 7 5 4
8 9 3 1 2 7 5 4 6
9 3 1 2 7 5 4 6 8
2 7 5 4 6 8 9 3 1
1 2 7 5 4 6 8 9 3

3 1 2 7 5 4 8 6 9
7 5 4 8 6 9 3 1 2
5 4 8 6 9 3 1 2 7
4 8 6 9 3 1 2 7 5
8 6 9 3 1 2 7 5 4
6 9 3 1 2 7 5 4 8
9 3 1 2 7 5 4 8 6
2 7 5 4 8 6 9 3 1
1 2 7 5 4 8 6 9 3

3 1 2 7 5 6 4 8 9
7 5 6 4 8 9 3 1 2
5 6 4 8 9 3 1 2 7
6 4 8 9 3 1 2 7 5
4 8 9 3 1 2 7 5 6
8 9 3 1 2 7 5 6 4
9 3 1 2 7 5 6 4 8
2 7 5 6 4 8 9 3 1
1 2 7 5 6 4 8 9 3
请按任意键继续. . . 
